mA (3 x 4) = 
   1.00     2.00     3.00     4.00  
   5.00     6.00     7.00     8.00  
   9.00    10.00    11.00    12.00  
mB (3 x 4) = 
   1.00     0.00     0.00     0.00  
   0.00     1.00     0.00     0.00  
   0.00     0.00     1.00     0.00  
mC (4 x 3) = 
   1.00     0.00     0.00  
   0.00     1.00     0.00  
   0.00     0.00     1.00  
   0.00     0.00     0.00  
mAdd_AB (3 x 4) = 
   2.00     2.00     3.00     4.00  
   5.00     7.00     7.00     8.00  
   9.00    10.00    12.00    12.00  
mSub_AB (3 x 4) = 
   0.00     2.00     3.00     4.00  
   5.00     5.00     7.00     8.00  
   9.00    10.00    10.00    12.00  
mMul_AC (3 x 3) = 
   1.00     2.00     3.00  
   5.00     6.00     7.00  
   9.00    10.00    11.00  
